0.4667
0.4667
0.4667
0.4833
0.4667
0.4667
0.4833
0.4833
0.4667
0.4833
0.4833
0.4667
0.4833
0.4833
0.4667
0.4667
0.4833
0.4667
0.4667
0.4833
0.4833
55.75
104.45
100.8
96.0167
94.3833
93.4167
92.7833
92.1333
91.1333
90.2167
89.2167
88.3
87.5
86.8667
86.2667
85.7
1.1833
0.5
0.4833
0.4833
0.4833
0.4833
0.5
0.4833
0.4833
0.4833
0.4833
0.4833
0.4833
0.5
0.4833
0.5
0.4833
0.5
0.4833
0.4833
0.5
0.4667
0.5
0.4833
0.5
0.4833
0.4667
0.4
0.3833
0.3833
0.3833
0.4167
0.4667
0.4833
0.4833
0.5
0.4833
0.4833
0.4833
0.4833
0.5167
0.5
0.5
0.4833
0.5
0.5
0.4667
0.5
0.5
0.4833
0.4833
0.5
54.3167
104.3667
100.9167
95.9
94.3333
93.4833
92.8
92.0667
91.0333
90.0833
89.0667
88.2
87.5167
86.9
86.1833
79.4667
0.4833
0.5
0.5
0.4833
0.5
0.5
0.4833
0.5
0.5
0.4833
0.5
0.4833
0.5
0.4833
0.4833
0.5
0.5
0.4833
0.4833
0.4833
0.4833
0.4833
0.5
0.4833
0.4833
0.5
0.4833
0.4833
0.5
0.5
0.4833
0.5
0.5
0.4833
0.5
0.4833
0.4833
0.5
0.4833
0.5
0.4833
0.5
0.4833
0.4833
0.5
0.4667
0.4833
0.4833
0.5
0.4833
0.4833
91.4833
103.4
98.4333
95.2
93.8833
93.0167
92.5
91.6
90.5667
89.45
88.5833
87.5167
86.7667
86.1167
85.5333
55.55
0.4833
0.4833
0.4833
0.4833
0.4667
0.4833
0.4667
0.4833
0.4833
0.4833
0.4833
0.4833
0.4833
0.4833
0.4833
0.5
0.4833
0.5
0.4833
0.5
0.4833
0.5
0.5
0.4667
0.4833
0.4833
0.4833
0.4833
0.4833
0.4667
0.4833
0.4667
0.4833
0.4833
0.4833
0.4667
0.4833
0.4833
0.4833
0.4833
0.5
0.4833
0.4833
0.4667
0.4833
0.4667
0.5
0.4833
0.4667
0.4833
0.4833
0.4833
64.4
103.8333
100.0667
95.5667
94.0167
93.0333
92.3333
91.65
90.6
89.6
88.5833
87.65
86.9667
86.1833
85.5167
84.9833
14.5833
0.4833
0.4833
0.4833
0.5167
0.4833
0.4833
0.4833
0.4833
0.5
0.4833
0.4833
0.4833
0.4833
0.4833
0.4833
0.4833
0.4833
0.4833
0.4833
0.4833
0.4833
0.5
0.4833
0.4833
0.4833
0.4833
0.4833
0.4833
0.4833
0.4833
0.4833
0.5
0.4833
0.4667
0.4667
0.5
0.4667
0.4833
0.4833
0.4833
0.4833
0.4833
0.4833
0.45
0.4833
0.4833
0.4833
0.4833
0.4833
0.4833
16.6167
103.6667
102.1
96.8
94.55
93.5833
92.9
92.1333
91.3
90.25
89.15
88.1
87.1667
86.5333
85.55
84.5833
37.8333
0.4667
0.4667
0.4833
0.4833
0.4833
0.4667
0.4833
0.4667
0.4667
0.4667
0.4667
0.4667
0.4667
0.4667
0.4667
0.4833
0.45
0.4667
0.4667
0.4833
0.5
0.4667
0.4833
0.4833
0.4833
0.4833
0.4833
0.4833
0.4667
0.4833
0.4833
0.4833
0.4833
0.4833
0.4833
0.4833
0.4667
0.4833
0.4833
0.4833
0.4833
0.4833
0.4667
0.4833
0.4833
0.4833
0.4833
0.5
0.4833
0.4833
0.4667
0.4833
0.4833
83.9667
103.7
98.9333
95.2667
94.0167
93.1833
92.5833
91.6333
90.5167
89.3833
88.4333
87.4
86.5667
85.9667
85.2
84.6167
7.05
0.4833
0.4667
0.4833
0.4667
0.4833
0.4667
0.4667
0.4833
0.4667
0.4667
0.4667
0.4667
0.4833
0.4
0.4167
0.4167
0.4
0.4167
0.4
0.4
0.4
0.3167
0.3667
0.3833
0.3667
0.4333
0.45
0.4667
0.45
0.4667
0.4667
0.45
0.45
0.4667
0.45
0.45
0.4667
0.45
0.4667
0.4667
0.45
0.4333
0.45
0.4333
0.45
0.45
0.45
0.4833
44.6833
115.7167
124.9667
120
118.3833
117.5833
116.8
116.0167
115.0167
113.9833
112.8667
112.1
111.25
110.4167
109.8
109.3167
85.9667
24.4667
24.45
24.4167
24.4
24.3833
24.35
31.0833
34.45
24.2833
24.3
24.3167
24.3667
24.3667
24.3333
24.3333
24.3
24.3
24.2667
24.25
24.25
24.2667
24.3
24.15
24.1333
24.15
24.1833
24.1667
24.1
24.1
24.0667
24.0667
24.0667
24.1167
24.0167
24.0167
24.0333
24.1167
24.1333
24.0833
24.1
24.25
24.2833
24.2333
24.1
24.1
24.2333
24.2333
24.2167
24.0333
24.0333
108.7667
126.45
122.0167
118.6667
117.45
116.6
115.9333
114.9833
113.8333
112.9
111.9167
111.2
110.3833
109.6667
108.9667
108.3
96.7167
23.9667
23.9833
23.9667
23.9667
23.9667
23.9667
23.9667
23.9833
23.95
23.9667
23.95
23.95
23.95
23.95
23.9333
23.9333
23.95
23.9333
23.95
23.9333
23.9333
23.9333
23.95
23.9333
23.9167
23.9333
23.9333
23.9333
23.95
23.9167
23.9333
23.9333
23.9167
23.9167
23.9333
23.9167
23.9167
23.9167
23.9
23.9167
23.9167
23.9
23.9167
23.9
23.9167
23.9
23.9167
23.9
23.9
23.8833
23.9
98.1333
126.4833
122.35
118.5833
117.4333
116.5833
115.9333
115
113.8
112.75
111.7833
111.05
110.25
109.5833
108.75
108.5667
108.1333
44
23.8667
23.8667
23.85
23.8667
23.8667
23.8833
23.8667
23.85
23.85
23.85
23.7833
23.7833
23.7833
23.7833
23.7833
23.8333
23.8667
23.85
23.85
23.85
23.85
23.8667
23.85
23.85
23.85
23.8667
23.85
23.85
23.85
23.85
23.85
23.8333
23.8667
23.85
23.8667
23.95
23.9833
24.0167
24
23.9667
23.9667
23.95
23.85
23.85
23.8833
23.9833
23.9833
24
23.8333
23.85
23.85
30.6833
127.6667
125.9667
120.9167
118.3833
117.3667
116.7
116.1
114.9333
113.8
112.7833
111.9167
111.0167
110.0833
109.5667
108.8333
108.35
92.5667
23.8167
23.8333
23.8333
23.8333
23.8167
23.8333
23.8333
23.8333
23.8167
23.8333
23.8167
23.8333
23.8167
23.8333
23.8167
23.8167
23.8333
23.8167
23.8333
23.8167
23.8167
23.8167
23.8333
23.8167
23.8167
23.8167
23.8333
23.8167
23.8167
23.8167
23.8167
23.8167
23.8167
23.8167
23.7833
23.75
23.7667
23.75
23.7667
23.75
23.7333
23.7667
23.7667
23.7667
23.75
23.7667
23.75
23.7667
23.75
23.7667
23.75
23.7667
45.8
127.6
125.5167
120.4667
118.4
117.5167
116.8167
115.8667
114.9667
113.8333
112.8333
112.0333
111.2167
110.45
109.8667
109.3333
108.7
96.0167
23.7667
23.75
23.75
23.75
23.75
23.7667
23.75
23.75
23.75
23.75
23.75
23.75
23.75
23.75
23.7333
23.75
23.7167
23.7
23.75
23.7167
23.75
23.75
23.75
23.75
23.75
23.75
23.7333
23.75
23.7667
23.75
23.7333
23.7833
23.8167
23.8
23.8
23.7833
23.7833
23.7833
23.8167
23.7667
23.7167
23.7333
23.7333
23.7167
23.8
23.8
23.8
126.3667
125.8
120.9667
118.25
116.9833
116.25
115.4167
114.1167
113.0167
111.9667
110.8833
109.9167
109.25
108.4833
107.8
107.2
30.45
23.8
23.8167
23.8
23.8
23.8
23.8
23.8167
23.8
23.8
23.8
23.8
23.8
23.8
23.8
23.7833
23.8
23.8
23.8
23.8
23.8167
23.8
23.8
23.8
23.8
23.8
23.8
23.8
23.8167
23.8
23.8
23.8167
23.7833
23.8167
23.8
23.8
23.8
23.8
23.8
23.8
23.8
23.8
23.8
23.8
23.8
23.8
23.7833
23.8167
23.8
44.5333
127.3667
125.45
120.4333
118.35
117.2167
116.45
115.45
114.2833
113.1667
112.15
111.4667
110.55
109.5833
109.2833
108.4167
107.8333
53.5
23.8
23.7833
23.8
23.7833
23.7833
23.8
23.7833
23.7833
23.7833
23.8
23.7833
23.8
23.7833
23.8
23.7833
23.7833
23.7833
23.7833
23.7833
23.8
23.7667
23.7833
23.7833
23.7833
23.8
23.8
23.7833
23.8
23.8
23.7833
23.8
23.7833
23.8
23.7833
23.7833
23.8
23.7833
23.8
23.7833
23.7833
23.8
23.7833
23.7833
23.7833
23.8
23.8
23.7833
23.7833
23.8
23.7833
23.8
51.1333
127.9667
125.5833
120.4833
118.5833
117.4667
116.6
115.8
114.5667
113.4667
112.2833
111.45
110.6167
109.6333
108.8833
108.25
107.8833
89.9167
23.7833
23.7833
23.8
23.7833
23.7833
23.7833
23.7833
23.7833
23.7833
23.7833
23.7833
23.7833
23.7833
23.7833
23.7833
23.7833
23.8
23.8
23.7833
23.8167
23.7833
23.8
23.7833
23.7833
23.8
23.8
23.8
23.7833
23.8
23.8
23.7833
23.8
23.7833
23.8
23.7833
23.8
23.8
23.8
23.7833
23.8
23.7833
23.8
23.7833
23.8
23.8
23.7833
23.7833
23.7833
23.8
23.7833
90.3667
127.4833
123.5
119.7167
118.4
117.3833
116.3667
115.3167
114.1333
112.9833
111.8167
111.05
110.1833
109.5167
109.1
108.4167
108.0667
62.3833
23.7833
23.8
23.8
23.7833
23.8
23.7833
40.8333
23.7333
23.7167
23.7333
23.7
23.7167
23.7333
23.75
23.75
23.75
23.75
23.75
23.75
23.75
23.75
23.7667
23.7333
23.75
23.7333
23.75
23.75
23.75
27.4667
23.6667
32.55
29.2833
40.2667
23.75
23.7667
23.75
23.7333
23.75
23.75
23.75
23.7667
23.7667
23.75
23.75
23.7667
23.75
23.7667
23.7833
23.7667
23.7667
91.55
127.1833
123.1
119.1333
118.05
117.3833
116.4667
115.3
113.95
112.8333
111.9333
111.1333
110.3333
109.7833
109.2333
108.6833
108.1167
107.5333
31.6
23.7833
23.8
23.8
23.7833
23.7833
23.7833
23.7833
23.8
23.8
23.8
23.8
23.7833
23.7833
23.8
23.7833
23.8
23.8
23.8
23.7833
23.8
23.7833
23.8167
23.7833
23.8
23.8
23.8
23.8
23.7333
23.7333
23.7
23.6833
23.6833
23.6833
23.6833
23.6833
23.7
23.7
23.7167
23.6667
23.6833
25.5833
24.5667
23.75
23.7833
23.7667
23.7167
23.7333
128.6833
125.6833
121.3333
118.75
117.5333
116.5
115.5333
114.25
113.1167
112
111.2667
110.6
109.55
109.2667
108.4333
107.7333
107.4167
107.05
62.9
23.75
23.7333
23.7333
23.7333
23.7333
23.7333
23.7833
23.7833
23.7667
23.75
23.7333
23.7167
23.7333
23.7333
23.7333
23.7
23.7
23.6667
23.6333
23.6667
23.7333
23.7333
23.7667
23.7833
23.7333
23.7
23.7333
23.7667
23.7833
23.7833
23.7833
23.7667
23.7167
23.7833
23.7833
23.7333
23.7833
23.7833
23.7833
23.7833
23.7833
23.7833
23.7833
23.7833
23.7833
23.7667
23.8
23.7833
23.7667
23.8
23.7667
124.5667
126.8167
121.7667
118.9833
117.95
117.15
116.2
114.8167
113.65
112.4833
111.65
110.8667
110.0167
109.3667
108.6667
108.3667
107.75
89.4667
23.7833
23.7833
23.8
23.7667
23.8
23.7667
23.7833
23.8
23.7833
23.7833
23.8167
23.7167
23.7167
23.7167
23.7167
23.75
24.0333
24.0333
24.05
24
23.9667
23.9667
23.9833
23.9833
23.8833
23.75
23.75
23.7333
23.75
23.75
23.7333
23.75
23.7333
23.7667
23.7333
23.8667
23.9667
23.9667
23.95
23.95
23.9667
23.9833
23.95
23.95
23.9667
23.8667
23.7333
23.75
23.75
23.7167
123.7
126.8
122.0667
119.15
118.0167
117.2167
116.1333
114.65
113.55
112.55
111.7167
110.8667
110.0667
109.3667
108.9667
108.1833
107.6833
107.2333
53.2333
23.7667
23.7667
23.7667
23.85
23.9833
23.9167
23.9167
23.9167
23.9
24
24
23.9833
23.9667
23.9833
23.9667
23.95
23.9833
23.9833
24.0167
23.9833
23.7667
23.7667
23.7667
23.75
23.7833
23.7667
23.7833
23.75
23.7833
23.7667
23.7667
23.7667
23.75
23.7667
23.75
23.7833
23.7667
23.75
23.75
23.75
23.75
23.7667
23.7667
23.7667
23.7667
23.75
23.7667
87.4833
126.7167
122.9333
118.6333
117.4333
116.6333
115.6167
114.6167
113.4833
112.4
111.5833
110.6667
110.05
109.2333
108.4167
107.9667
107.5167
74.4667
23.7667
23.7667
23.7667
23.7667
23.7667
23.7667
23.75
23.75
23.7667
23.7667
23.7667
23.7833
23.75
23.7833
23.7667
23.75
23.7667
23.7667
23.7667
23.75
23.7667
23.75
23.75
23.7833
23.7667
23.7667
23.7667
23.7667
23.7667
23.7667
23.75
23.7667
23.7833
23.75
23.7667
23.7667
23.75
23.75
23.7667
23.7667
23.7667
23.75
23.75
23.7667
23.75
23.7667
23.7667
23.7667
23.75
23.7667
23.7667
64.7333
128.4167
125.25
120.3667
118.7167
117.5667
116.85
115.7167
114.4
113.5
112.4833
111.5667
110.6667
109.95
109.4
108.85
108.3833
107.7667
32.5667
23.8
23.7833
23.7667
23.7667
23.7833
23.7833
23.7833
23.7833
23.7833
23.7833
23.7667
23.8
23.75
23.7833
23.7833
23.7667
23.7667
23.7833
23.7833
23.7833
23.7833
23.7667
23.8
23.7667
23.7667
23.7667
23.7833
23.7667
23.7833
2.4167
0.3333
0.35
0.35
0.3667
0.45
0.4667
0.45
0.4667
0.4667
0.4667
0.45
0.4667
0.4667
0.45
0.4833
0.4667
0.45
0.4667
39.1833
104.6
101.6833
96.6333
95.05
94.0833
93.2
92.3
91
89.6333
88.5833
87.65
86.9167
86.3
85.4833
84.7667
84.4
83.6833
54.85
0.4667
0.4667
0.4667
0.4833
0.4667
0.4833
0.4833
0.4833
0.4667
0.4667
0.4833
0.4667
0.4833
0.45
0.4833
0.4667
0.4833
0.4833
0.4667
0.4833
0.4833
0.4833
0.4667
0.4833
0.4667
0.4833
0.4833
0.4667
0.4333
0.3667
0.3833
0.3833
0.3833
0.4167
0.4833
0.5
0.4667
0.4667
0.4833
0.4833
0.4833
0.4667
0.5
0.4833
0.4833
0.4833
0.5
0.5
0.5
0.4833
9.7167
104.65
103.35
98.2
95.3833
93.6
93.0667
92.15
90.8667
89.7167
88.6833
87.7833
87.1
86.4167
85.75
85.0167
84.2167
83.8333
3.2667
0.4833
0.4833
0.4833
0.4833
0.4667
0.4833
0.4667
0.4667
0.4833
0.4667
0.4833
0.4667
0.4667
0.4833
0.4833
0.4833
0.4667
0.4833
0.5
0.4833
0.4833
0.4833
0.5
0.5
0.5
0.5
0.5
0.4833
0.5
0.5
0.5
0.5
0.4833
0.4667
0.5
0.4833
0.5
0.4833
0.4833
0.5
0.4833
0.4833
0.4833
0.4833
0.5
0.5
0.4833
0.4833
105.95
102.8333
97.9667
95.3
94.1333
93.3167
92.4667
91.1667
90.1667
89.2
88.25
87.3333
86.4833
85.75
85.0667
84.5667
83.9667
61.8333
0.5
0.5
0.5
0.4833
0.5
0.5
0.5
0.5
0.4833
0.5
0.4833
0.5
0.4833
0.5
0.4833
0.5
0.4833
0.5
0.5
0.4833
0.4833
0.4667
0.5
0.4833
0.4833
0.4833
0.4833
0.4833
0.4833
0.4667
0.4833
0.5
0.4833
0.4833
0.5
0.5
0.4833
0.5
0.4833
0.4833
0.5
0.4833
0.5
0.4833
0.4833
0.4833
0.4833
0.4833
0.5
0.4833
0.4833
0.4833
0.4833
68.5167
104.65
100.3167
96.1167
94.6167
93.65
92.9833
91.9
90.6
89.4833
88.6167
87.8333
87.1333
86.4
85.3333
84.8
84.4167
83.8667
4.0833
0.5
0.4833
0.5
0.4833
0.5
0.5
0.4833
0.5
0.5
0.4833
0.4333
0.4
0.4
0.4
0.4333
0.5
0.4833
0.5
0.4833
0.5
0.5
0.4833
0.5
0.5
0.4833
0.4833
0.5
0.4667
0.4833
0.4833
0.5
0.4833
0.5
0.5
0.5
0.4833
0.5
0.4833
0.4833
0.4833
0.5
0.4833
0.5
0.4833
0.4833
0.4833
0.4833
0.4833
0.4833
0.4833
41.5667
105.3
102.35
97.1333
95.5333
94.5667
93.6667
92.45
91.2
90.1667
89.0833
88.1833
87.45
86.55
85.9167
85.25
84.5833
84.2333
8.9
0.4833
0.4833
0.5
0.4833
0.5
0.5
0.4833
0.4833
0.4833
0.5167
0.5
0.4833
0.5
0.4833
0.4833
0.5
0.4833
0.5
0.4667
0.5
0.4833
0.5
0.4833
0.5
0.4833
0.4833
0.4667
0.5
0.4833
0.4833
0.5
0.4833
0.5
0.4833
0.4667
0.5
0.4667
0.4833
0.4833
0.4833
0.5
0.4833
0.5
0.5167
0.5
0.4833
0.4833
78.0667
103.7667
99.4667
95.9667
94.8667
94.0167
93.0333
91.9
90.6667
89.6667
88.6833
87.9167
87.2167
86.35
86.0167
85.3833
84.9833
84.5
53.05
0.4667
0.5
0.4667
0.4833
0.4833
0.4833
0.5
0.4833
0.4833
0.5
0.4833
0.5
0.4667
0.5
0.4833
0.4833
0.4833
0.4667
0.4833
0.5
0.4667
0.4833
0.4833
0.4833
0.4667
0.4667
0.4667
0.4833
0.4833
0.45
0.4833
0.4667
0.4667
0.4833
0.4667
0.4667
0.4833
0.4667
0.4667
0.4667
0.4667
0.4667
0.4667
0.4667
0.4667
0.4667
30.2667
102.9667
100.6333
95.8333
94.2333
93.3333
92.4167
91.2
90.05
89.1
88.1833
87.5167
86.8333
86.1
85.4833
84.6833
84.3333
84.15
1.65
0.4667
0.45
0.4833
0.4667
0.4667
0.4667
0.4667
0.4667
0.4833
0.4667
0.4667
0.4833
0.4667
0.4833
0.4667
0.4667
0.4667
0.4667
0.4667
0.5
0.4667
0.4667
0.4667
0.4667
0.4
0.4
0.4
0.4
0.4
0.4
0.4
0.4167
0.4167
0.4
0.4167
0.45
0.4833
0.4667
0.45
0.4833
0.45
0.4667
0.4833
0.4667
0.4833
0.4833
0.4667
0.4833
0.4667
0.4667
0.4833
68.4333
104.2
100.0333
96.0833
94.75
93.7
92.8833
91.7167
90.4667
89.4333
88.4667
87.6333
86.4833
85.8833
85.35
84.5667
84.1167
83.5667
16.6333
0.45
0.45
0.4667
0.4333
0.4333
0.4333
0.4333
0.45
0.45
0.45
0.4333
0.45
0.4333
0.45
0.4333
0.4333
0.4333
0.4333
0.45
0.45
0.4333
0.45
0.4333
0.45
0.4333
0.45
0.45
0.45
0.4333
0.45
0.45
0.45
0.45
0.45
0.45
0.4333
0.4333
0.45
0.4667
0.45
0.45
0.4667
0.45
0.45
0.45
0.45
0.4667
33.8333
102.9833
100.55
95.5833
93.75
92.85
92.0667
91.0333
89.7667
88.7667
87.9667
86.9
86.3167
85.6167
84.7833
84.2667
83.5667
8.4333
0.4667
0.4667
0.4667
0.4667
0.4667
0.4833
0.45
0.3833
0.3667
0.3667
0.3667
0.4333
0.4667
0.45
0.4667
0.45
0.4667
0.4667
0.4667
0.4667
0.4667
0.45
0.4667
0.4667
0.4667
0.45
0.4667
0.4667
0.4667
0.5
0.5
3.5667
25.2667
25.1833
25.1167
25.0333
25
24.9333
24.7833
24.7167
24.65
24.6167
24.6
36.9
24.5333
24.5
24.4667
24.4333
24.4167
104.7667
127.7333
123.3167
119.8333
118.75
117.8833
116.8
115.65
114.4667
113.2667
112.3333
111.45
110.65
109.95
109.1833
108.6833
108.15
54.9
24.2333
24.2167
24.2
24.1833
24.1667
24.1833
24.1667
24.1667
24.1667
24.15
24.15
24.1333
24.1333
24.1167
24.1167
24.1
24.0333
24.0167
24.0167
24
24
24
24.0833
24.0667
24.05
24.05
24.05
24.0333
24.0333
24.0333
24.0333
24.0167
24.0333
24.0167
24.0167
24
24
24
24
24
24
23.9833
24
23.9833
24
24.0333
23.9833
24
24.1
24.1
68.4833
128.4667
125.2167
120.6
119.1333
117.9833
116.9833
115.7833
114.5833
113.1833
112.35
111.55
110.7333
110.0167
109.3
108.75
108.05
100.3
23.95
23.9167
23.9167
23.9
23.9167
23.9167
23.9167
23.9
23.9
23.9833
23.8833
23.85
23.8
23.8167
23.8
23.8333
23.8167
23.8833
23.85
23.8
23.8667
23.8667
23.8
23.8667
23.8667
23.8167
23.8667
23.8667
23.8667
23.8667
23.8667
23.8667
23.85
23.8667
23.8667
23.7833
23.7833
23.7833
23.7667
23.7833
23.8167
23.8333
23.8333
23.8333
23.8333
23.8333
23.85
54.05
127.6833
125.2
120.5333
118.8167
117.6833
116.6
115.1667
113.9333
112.85
111.8833
111.1167
110.1167
109.4667
108.6833
108.1667
107.9333
74.4333
23.8333
23.8333
23.8333
23.8333
23.8333
23.8333
23.8333
23.85
23.8333
23.8333
23.8333
23.8333
23.8333
23.8333
23.8333
23.85
23.8333
23.8333
23.8333
23.85
23.8333
23.8167
23.8333
23.8333
23.8167
23.8333
23.8333
23.8333
23.8167
23.8333
23.8167
23.8333
23.8167
23.8167
23.8333
23.8167
23.8333
23.8333
23.8167
23.8167
23.8167
23.8333
23.8333
23.8167
23.8333
23.8333
23.8167
23.8167
23.8167
23.8333
23.8167
93.0667
128.45
124.3333
120.4667
119.2667
118.25
117.2333
115.8833
114.5
113.3167
112.2
111.4333
110.7
109.8833
109.5
109.05
108.3833
107.9667
23.95
23.8167
23.8333
23.8167
23.8167
23.8167
23.8167
23.8167
23.8167
23.8333
23.8
23.8167
23.7833
23.8167
23.8333
23.7667
23.75
23.75
23.7667
23.75
23.7667
23.75
23.75
23.7667
23.75
23.7667
23.75
23.75
23.7667
23.75
23.75
23.75
23.75
23.75
23.7667
23.75
23.75
23.7667
23.75
23.75
23.7667
23.75
23.75
23.75
23.75
23.75
23.75
109.2167
126.5167
122
118.7833
117.7333
116.7833
115.7333
114.5167
113.3833
112.4167
111.4
110.5
109.7167
108.9833
108.3167
107.65
107.15
50.3833
23.7333
23.7167
23.7333
23.7167
23.7333
23.7167
23.7167
23.7167
23.7167
23.7333
23.7167
23.7333
23.7167
23.7167
23.7167
23.7167
23.7333
23.7167
23.7333
23.7167
23.7333
23.7167
23.7167
23.7333
23.7167
23.7167
23.7333
23.7167
23.7167
23.7167
23.7167
23.7167
23.7167
23.7167
23.7167
23.7167
23.6333
23.6167
23.6
23.5833
23.6
23.6667
23.6667
23.65
23.6667
23.6667
23.6833
23.6667
23.6667
23.6667
23.6667
114.1833
127.2833
122.6
119.2833
118.0667
117.0667
115.8833
114.55
113.4
112.3167
111.2833
110.5
109.5833
108.7667
108.1333
107.5833
107.0833
50.0333
23.6833
23.6833
23.6833
23.6833
23.6833
23.6833
23.6667
23.6833
23.6833
23.6833
23.6833
23.6833
23.6667
23.6833
23.7
23.6833
23.6833
23.7
23.6833
23.7
23.65
23.6167
23.6333
23.6167
23.6333
23.7167
23.7